filename	read_id	run_id	batch_id	channel	mux	start_time	duration	num_events	passes_filtering	template_start	num_events_template	template_duration	sequence_length_template	mean_qscore_template	strand_score_template	median_template	mad_template	scaling_median_template	scaling_mad_template
sample1-0.fast5	01395d24-9185-4cff-9a54-3be79787221c	01c601ade41551939fc3d763b24f095a94439087	0	10	2	32482.783865	24.894422	7498	TRUE	32484.529548	6972	23.148738	1823	11.653652	0.000000	96.165718	14.059316	96.165718	14.059316
sample1-0.fast5	05eeef7b-c156-45a9-ad7f-28057adbdd49	01c601ade41551939fc3d763b24f095a94439087	0	164	2	89708.812085	52.470120	15804	TRUE	89708.944887	15764	52.337317	3080	10.559937	0.000000	102.070633	13.215756	102.070633	13.215756
sample1-0.fast5	064a7123-fc5a-4d1a-8bad-08096acb911b	01c601ade41551939fc3d763b24f095a94439087	0	501	4	54855.016600	17.182603	5175	FALSE	54856.868526	4617	15.330677	708	6.297057	0.000000	103.757751	8.997962	103.757751	8.997962
sample1-0.fast5	07e29310-083b-4471-8522-045bc3c67acc	01c601ade41551939fc3d763b24f095a94439087	0	474	3	65905.395086	49.461155	14897	TRUE	65906.785857	14478	48.070385	2843	10.482533	0.000000	95.462753	13.356350	95.462753	13.356350
sample1-0.fast5	057952ac-acff-4c21-bad9-9ec56c740c44	01c601ade41551939fc3d763b24f095a94439087	0	240	4	23481.613546	51.893094	15630	TRUE	23484.459495	14773	49.047145	2873	9.772143	0.000000	100.945885	14.481095	100.945885	14.481095
sample1-0.fast5	0bea8936-acff-44f7-a7b8-2321536db716	01c601ade41551939fc3d763b24f095a94439087	0	178	4	44335.580013	12.144422	3657	FALSE	44336.048473	3516	11.675963	371	6.192570	0.000000	83.231148	12.512791	83.231148	12.512791
sample1-0.fast5	0ead8f22-e909-44ec-a529-5a73eb6345ca	01c601ade41551939fc3d763b24f095a94439087	0	460	3	51032.602922	7.933267	2389	TRUE	51035.000332	1667	5.535857	367	11.499854	0.000000	106.147835	15.043468	106.147835	15.043468
sample1-0.fast5	0fadfb38-9171-496e-aadf-7ea026ea6b8e	01c601ade41551939fc3d763b24f095a94439087	0	345	1	50963.464475	14.277224	4300	TRUE	50963.677955	4236	14.063745	559	7.965230	0.000000	92.510300	16.730585	92.510300	16.730585
sample1-0.fast5	1044f1bc-0b9f-4fc4-a1e2-c62edd4ddcae	01c601ade41551939fc3d763b24f095a94439087	0	420	1	46005.718459	45.386122	13670	TRUE	46007.784197	13048	43.320385	2887	12.040472	0.000000	103.335968	13.637536	103.335968	13.637536
sample1-0.fast5	0dc0aa44-8e01-4062-b78d-bb4d252d859a	01c601ade41551939fc3d763b24f095a94439087	0	500	2	51173.987052	20.840969	6277	TRUE	51174.231076	6203	20.596946	648	7.637785	0.000000	83.793518	12.793977	83.793518	12.793977
sample1-0.fast5	114b2f2a-a436-4cd8-a617-6280131c5554	01c601ade41551939fc3d763b24f095a94439087	0	90	3	79839.146746	11.842629	3567	TRUE	79841.764276	2778	9.225100	600	11.446158	0.000000	97.290466	12.653384	97.290466	12.653384
sample1-0.fast5	08dccbda-1f9d-454e-8f2d-8c5db83eb17f	01c601ade41551939fc3d763b24f095a94439087	0	245	2	6650.207503	12.525232	3772	TRUE	6652.241036	3160	10.491700	652	11.642656	0.000000	97.571648	15.184061	97.571648	15.184061
sample1-0.fast5	1afa64ac-0e82-4f30-8901-eaea138c4eb5	01c601ade41551939fc3d763b24f095a94439087	0	372	3	4449.861222	24.417663	7354	TRUE	4449.994024	7314	24.284861	1378	10.431695	0.000000	91.666740	14.199909	91.666740	14.199909
sample1-0.fast5	1c900bf8-265f-45e8-aeb6-95cbdf1a4b93	01c601ade41551939fc3d763b24f095a94439087	0	359	4	62845.534197	6.254648	1883	TRUE	62847.081009	1418	4.707835	293	9.348399	0.000000	100.383514	14.199909	100.383514	14.199909
sample1-0.fast5	22eabbc7-bd77-4aac-967d-4623f911a163	01c601ade41551939fc3d763b24f095a94439087	0	358	3	52901.634130	35.628818	10731	TRUE	52902.823041	10373	34.439907	2265	11.605648	0.000000	100.805290	14.199909	100.805290	14.199909
sample1-0.fast5	0ad4b820-f3bf-4f10-81f1-20eac4e60aa7	01c601ade41551939fc3d763b24f095a94439087	0	39	3	78538.853918	17.558433	5288	TRUE	78539.501992	5093	16.910359	1199	11.093630	0.000000	105.726051	14.621688	105.726051	14.621688
sample1-0.fast5	0ae44c97-86ec-437b-aadb-2e40182d7043	01c601ade41551939fc3d763b24f095a94439087	0	438	3	36198.314409	7.493692	2257	TRUE	36198.877822	2087	6.930279	572	11.849708	0.000000	100.242920	14.059316	100.242920	14.059316
sample1-0.fast5	1474f788-6d23-47be-813d-4de1a5b36595	01c601ade41551939fc3d763b24f095a94439087	0	276	3	19171.391766	5.320717	1602	TRUE	19171.675631	1517	5.036853	402	11.091920	0.000000	102.351814	13.075164	102.351814	13.075164
sample1-0.fast5	15855a3b-81ac-4b7d-a169-1a612e83df1d	01c601ade41551939fc3d763b24f095a94439087	0	229	4	58308.278552	10.199535	3072	TRUE	58309.016600	2849	9.461487	834	10.796026	0.000000	96.587502	13.075164	96.587502	13.075164
sample1-0.fast5	1d81799b-6a80-4d31-92c0-6652a4a995e4	01c601ade41551939fc3d763b24f095a94439087	0	234	3	47724.090305	8.735392	2631	TRUE	47724.290837	2570	8.534861	449	8.864147	0.000000	89.417244	13.637536	89.417244	13.637536
sample1-0.fast5	1eb90667-9fcf-411e-9aaa-cc0812ab4d61	01c601ade41551939fc3d763b24f095a94439087	0	366	1	41184.720452	11.665671	3513	FALSE	41184.720452	3513	11.665671	262	5.955060	0.000000	89.979622	16.449400	89.979622	16.449400
sample1-0.fast5	1ee58e0c-42b6-41bd-8c89-5c53f8bec217	01c601ade41551939fc3d763b24f095a94439087	0	426	3	52522.188579	26.872510	8094	TRUE	52522.188579	8094	26.872510	964	9.508530	0.000000	90.823181	14.059316	90.823181	14.059316
sample1-0.fast5	2213319f-63e6-4672-a72d-b48cd8a511d8	01c601ade41551939fc3d763b24f095a94439087	0	33	3	15854.151394	6.378486	1921	TRUE	15855.780876	1430	4.749004	253	10.171435	0.000000	100.945885	12.793977	100.945885	12.793977
sample1-0.fast5	24f3fafa-3642-4853-a8f6-0e24bf4faa23	01c601ade41551939fc3d763b24f095a94439087	0	89	1	40798.587981	52.401394	15783	TRUE	40800.160027	15309	50.829349	3034	11.060987	0.000000	101.508255	13.918722	101.508255	13.918722
sample1-0.fast5	165d2f11-64f4-44a1-9ed8-d590731a6ad3	01c601ade41551939fc3d763b24f095a94439087	0	331	3	37012.765272	12.534529	3775	TRUE	37014.043493	3390	11.256308	704	11.965577	0.000000	103.054787	12.512791	103.054787	12.512791
sample1-0.fast5	196d710e-7fdf-4f28-805a-3d5d52916b62	01c601ade41551939fc3d763b24f095a94439087	0	252	1	847.292165	12.625166	3802	TRUE	847.505644	3738	12.411687	684	8.299574	0.000000	82.949959	11.809825	82.949959	11.809825
sample1-0.fast5	2db0c021-f27d-46a8-bf25-cd20dbb89a6d	01c601ade41551939fc3d763b24f095a94439087	0	265	2	38131.310757	23.874502	7191	TRUE	38132.900398	6712	22.284861	1268	10.172544	0.000000	105.444870	14.059316	105.444870	14.059316
sample1-0.fast5	2ede1cb1-1d83-47d4-82ff-36a88f885cf3	01c601ade41551939fc3d763b24f095a94439087	0	379	4	39345.908367	13.298141	4005	TRUE	39347.104914	3645	12.101594	538	11.575212	0.000000	101.227074	13.778130	101.227074	13.778130
sample1-0.fast5	71b8b4bb-40af-4b61-9fd2-1a85cf310102	01c601ade41551939fc3d763b24f095a94439087	0	222	1	9889.555777	10.979084	3306	TRUE	9890.595286	2993	9.939575	870	10.843906	0.000000	89.839027	13.778130	89.839027	13.778130
sample1-0.fast5	71bd6c8d-d59c-4e82-8a2c-b070ec8a33e4	01c601ade41551939fc3d763b24f095a94439087	0	36	2	11674.243360	8.653718	2606	TRUE	11674.477424	2536	8.419655	426	9.736423	0.000000	84.637077	12.091011	84.637077	12.091011
sample1-0.fast5	7592baff-e4d9-4cd8-9efd-8238347d5733	01c601ade41551939fc3d763b24f095a94439087	0	95	4	2291.416999	14.836321	4468	TRUE	2293.997676	3691	12.255644	474	8.960475	0.000000	94.478600	13.496943	94.478600	13.496943
sample1-0.fast5	761b78f1-b8cd-4b1f-8434-53ea1706f2a1	01c601ade41551939fc3d763b24f095a94439087	0	444	4	14409.895086	21.919655	6602	FALSE	14413.439575	5534	18.375166	1026	6.765284	0.000000	94.759789	13.075164	94.759789	13.075164
sample1-0.fast5	26b0eb19-1bf8-4abc-b652-9f0aa5f0faef	01c601ade41551939fc3d763b24f095a94439087	0	312	2	18753.306441	45.205179	13615	TRUE	18756.171315	12752	42.340305	2150	10.213179	0.000000	98.134026	16.589993	98.134026	16.589993
sample1-0.fast5	2b25b82e-8ae9-4e06-9587-0c9334ad1ae5	01c601ade41551939fc3d763b24f095a94439087	0	484	1	46515.788181	27.968792	8424	TRUE	46516.830677	8110	26.926295	1656	11.461198	0.000000	98.977585	14.481095	98.977585	14.481095
sample1-0.fast5	3d0ba7a9-385e-4189-9951-948370838c98	01c601ade41551939fc3d763b24f095a94439087	0	367	1	97784.246016	9.359562	2819	TRUE	97785.506640	2439	8.098938	572	11.902572	0.000000	113.880455	16.871180	113.880455	16.871180
sample1-0.fast5	3d75e765-90e7-40c7-b2d4-29ed993e6672	01c601ade41551939fc3d763b24f095a94439087	0	7	2	48579.473108	6.162683	1856	TRUE	48580.006640	1695	5.629150	373	12.627726	0.000000	94.478600	13.356350	94.478600	13.356350
sample1-0.fast5	41360fd1-06df-4c6b-aac7-9ea3e3872ff3	01c601ade41551939fc3d763b24f095a94439087	0	166	3	15199.784197	28.974768	8727	TRUE	15202.450199	7924	26.308765	1714	11.041759	0.000000	98.274612	14.621688	98.274612	14.621688
sample1-0.fast5	42d5029a-eea0-4a05-a9ba-6d3738f7d7cd	01c601ade41551939fc3d763b24f095a94439087	0	286	3	1121.238048	7.544821	2272	TRUE	1121.405710	2222	7.377158	373	8.011159	0.000000	85.340042	10.544487	85.340042	10.544487
sample1-0.fast5	831b5d3f-4e61-4bbb-b343-280c695b9c28	01c601ade41551939fc3d763b24f095a94439087	0	86	1	27042.393758	15.891434	4786	FALSE	27043.894754	4334	14.390438	912	5.749703	0.000000	86.043015	11.388045	86.043015	11.388045
sample1-0.fast5	839f8fff-0e20-49ef-9fa5-784f2b17cf88	01c601ade41551939fc3d763b24f095a94439087	0	190	1	17682.526228	14.383798	4332	TRUE	17685.101594	3556	11.808433	398	8.253961	0.000000	99.539955	12.512791	99.539955	12.512791
sample1-0.fast5	958f5a6c-d123-4653-863e-b8424511710b	01c601ade41551939fc3d763b24f095a94439087	0	381	1	28588.169323	19.458499	5860	TRUE	28592.810757	4462	14.817065	747	11.701651	0.000000	99.258766	13.356350	99.258766	13.356350
sample1-0.fast5	2f4d42f7-3ed0-418d-b04e-87902dd6dfdf	01c601ade41551939fc3d763b24f095a94439087	0	475	1	3784.606574	18.042165	5434	FALSE	3784.754316	5389	17.894422	938	6.896688	0.000000	96.306313	13.075164	96.306313	13.075164
sample1-0.fast5	2f515e77-0f9d-4cd1-a81c-dc5f023889eb	01c601ade41551939fc3d763b24f095a94439087	0	443	4	24061.546149	18.789509	5659	TRUE	24064.160691	4871	16.174967	1284	9.175282	0.000000	104.460716	11.106859	104.460716	11.106859
sample1-0.fast5	346fc265-1175-40a6-aef6-258ae8e15c37	01c601ade41551939fc3d763b24f095a94439087	0	191	3	5027.367198	26.300465	7921	TRUE	5027.506308	7879	26.161355	1280	10.779073	0.000000	93.353859	13.496943	93.353859	13.496943
sample1-0.fast5	438621cf-dcb4-4482-b622-b76bf84a7062	01c601ade41551939fc3d763b24f095a94439087	0	30	3	21571.110226	39.990704	12045	FALSE	21571.110226	12045	39.990704	2806	6.273760	0.000000	99.399361	12.231605	99.399361	12.231605
sample1-0.fast5	45b1f416-d562-4443-a450-0c40d16cb658	01c601ade41551939fc3d763b24f095a94439087	0	355	3	48790.881806	7.750332	2334	TRUE	48792.658367	1799	5.973772	300	8.490379	0.000000	103.898346	9.841521	103.898346	9.841521
sample1-0.fast5	9740a998-dc22-4aba-8031-b75af10d430f	01c601ade41551939fc3d763b24f095a94439087	0	27	2	14173.306773	20.216799	6089	TRUE	14177.094622	4948	16.428951	617	9.298966	0.000000	97.571648	15.184061	97.571648	15.184061
sample1-0.fast5	98b4f53d-a1f7-48f5-8e77-46e2099f55e4	01c601ade41551939fc3d763b24f095a94439087	0	363	3	11724.437583	26.917995	8107	TRUE	11724.746016	8014	26.609562	1549	10.736496	0.000000	94.900383	13.215756	94.900383	13.215756
sample1-0.fast5	99b7260e-da21-496d-97a5-9a7c6cabf67c	01c601ade41551939fc3d763b24f095a94439087	0	369	1	69386.805777	3.119854	939	TRUE	69387.454515	744	2.471116	194	10.011564	0.000000	106.569611	15.465247	106.569611	15.465247
sample1-0.fast5	4106ff81-5229-4155-9e5a-d7304907b8b1	01c601ade41551939fc3d763b24f095a94439087	0	164	3	13264.072709	48.576693	14631	TRUE	13266.309097	13957	46.340305	2908	10.527121	0.000000	98.134026	13.356350	98.134026	13.356350
sample1-0.fast5	41694cc7-421b-4e22-901c-ecfeb9b27c8c	01c601ade41551939fc3d763b24f095a94439087	0	358	3	48674.017928	19.824701	5971	TRUE	48674.479416	5832	19.363214	1212	9.992155	0.000000	97.431061	12.512791	97.431061	12.512791
sample1-0.fast5	46fd62b5-a909-4efa-9ce3-982e4782f6be	01c601ade41551939fc3d763b24f095a94439087	0	83	4	58463.451195	21.531873	6485	TRUE	58463.824369	6373	21.158699	1139	11.872043	0.000000	100.102325	13.918722	100.102325	13.918722
sample1-0.fast5	4a3564cc-c403-4071-a276-d5a0cd2b300c	01c601ade41551939fc3d763b24f095a94439087	0	15	4	4127.459163	41.943891	12633	TRUE	4127.944887	12487	41.458167	2864	10.240489	0.000000	99.539955	12.372198	99.539955	12.372198
sample1-0.fast5	62c2f1b3-466b-477d-af27-252d7a0eed1b	01c601ade41551939fc3d763b24f095a94439087	0	172	4	64798.231408	17.688247	5327	TRUE	64800.360226	4686	15.559429	530	7.344160	0.000000	106.147835	10.263300	106.147835	10.263300
sample1-0.fast5	a0ddb1a1-848a-4a6a-acf0-378f979ef885	01c601ade41551939fc3d763b24f095a94439087	0	454	2	6647.776892	13.716135	4131	FALSE	6650.084993	3436	11.408035	331	6.029213	0.000000	83.512337	13.918722	83.512337	13.918722
sample1-0.fast5	caeb98cf-28d5-4731-9139-ab776557356d	01c601ade41551939fc3d763b24f095a94439087	0	182	3	29785.962815	24.830345	7478	TRUE	29788.245352	6791	22.547809	792	8.716729	0.000000	98.836990	13.637536	98.836990	13.637536
sample1-0.fast5	46af9a8a-b04f-41c4-83a6-017b63afeca1	01c601ade41551939fc3d763b24f095a94439087	0	14	3	3212.088313	7.063413	2127	TRUE	3213.627822	1663	5.523904	354	9.566813	0.000000	99.258766	12.372198	99.258766	12.372198
sample1-0.fast5	5c71cbe5-cedd-4979-84a5-2ea4d9c80bc5	01c601ade41551939fc3d763b24f095a94439087	0	24	3	12624.956175	32.644422	9832	TRUE	12629.424635	8486	28.175963	1702	12.899081	0.000000	94.619194	14.059316	94.619194	14.059316
sample1-0.fast5	60c4e4dd-03fa-4785-89bb-1da5aa721d03	01c601ade41551939fc3d763b24f095a94439087	0	55	4	66269.933599	39.341965	11849	TRUE	66271.966467	11237	37.309097	2480	10.968359	0.000000	108.819099	14.199909	108.819099	14.199909
sample1-0.fast5	646aa9e0-0ff1-462f-a972-98890a8a4609	01c601ade41551939fc3d763b24f095a94439087	0	438	4	9271.776228	12.488048	3761	FALSE	9273.523240	3235	10.741036	525	6.972671	0.000000	97.290466	13.496943	97.290466	13.496943
sample1-0.fast5	664dee46-f080-4f5c-b67d-c6f92c324dcf	01c601ade41551939fc3d763b24f095a94439087	0	121	2	92119.618526	8.603918	2591	TRUE	92119.872178	2515	8.350266	337	8.815619	0.000000	86.745979	12.934570	86.745979	12.934570
sample1-0.fast5	6834e24b-8fb8-437f-a9aa-ee985ad8c561	01c601ade41551939fc3d763b24f095a94439087	0	64	4	39338.813413	14.040837	4229	TRUE	39339.050465	4157	13.803785	441	7.975282	0.000000	97.993431	10.966267	97.993431	10.966267
sample1-0.fast5	68e952ce-b024-435f-82bf-82841c79a9bb	01c601ade41551939fc3d763b24f095a94439087	0	333	1	13283.210491	21.271248	6406	TRUE	13283.389442	6353	21.092297	1260	11.584225	0.000000	94.197418	13.356350	94.197418	13.356350
sample1-0.fast5	6dd7424b-ecf9-416d-b9e6-13ada4f0c4e1	01c601ade41551939fc3d763b24f095a94439087	0	152	4	28549.976428	12.241368	3687	TRUE	28550.196879	3620	12.020916	619	7.490616	0.000000	102.070633	8.716776	102.070633	8.716776
sample1-0.fast5	cbd51263-207b-4498-a699-dd421f1bfd82	01c601ade41551939fc3d763b24f095a94439087	0	206	1	6961.456175	49.015604	14763	TRUE	6961.456175	14763	49.015604	2938	11.262375	0.000000	98.274612	13.356350	98.274612	13.356350
sample1-0.fast5	7f5facfe-8179-4832-bfd2-d14f6a74ebeb	01c601ade41551939fc3d763b24f095a94439087	0	34	1	92761.546813	51.638778	15553	TRUE	92761.715471	15502	51.470120	3090	11.471326	0.000000	102.351814	14.199909	102.351814	14.199909
sample1-0.fast5	8153a42d-021e-4762-a045-7205d02ec98c	01c601ade41551939fc3d763b24f095a94439087	0	9	2	391.503984	9.012948	2714	TRUE	392.928951	2285	7.587981	548	11.001029	0.000000	97.009277	11.950418	97.009277	11.950418
sample1-0.fast5	85785de3-1824-4434-9bc3-89017e45eddc	01c601ade41551939fc3d763b24f095a94439087	0	488	4	9888.166999	45.238712	13625	TRUE	9888.166999	13625	45.238712	2892	11.723047	0.000000	96.868683	13.215756	96.868683	13.215756
sample1-0.fast5	858c7e7e-2ca3-4033-a21e-df109ccbce4d	01c601ade41551939fc3d763b24f095a94439087	0	7	1	101893.177291	10.365870	3122	TRUE	101893.939243	2892	9.603918	401	9.640372	0.000000	112.615120	14.059316	112.615120	14.059316
sample1-0.fast5	766596d4-4765-41c2-946a-35866e0a1ff3	01c601ade41551939fc3d763b24f095a94439087	0	438	3	13902.280876	16.715803	5034	TRUE	13902.862882	4859	16.133798	1313	12.167489	0.000000	100.664703	14.199909	100.664703	14.199909
sample1-0.fast5	76cf7ae4-a45e-4ce7-bd7a-9b5e1eb8b652	01c601ade41551939fc3d763b24f095a94439087	0	205	4	19859.250664	15.112218	4551	TRUE	19860.813081	4081	13.549801	1061	11.032515	0.000000	99.539955	14.762281	99.539955	14.762281
sample1-0.fast5	77ee63ba-411a-4f5e-ac64-7787a01cecab	01c601ade41551939fc3d763b24f095a94439087	0	284	1	18981.378486	9.015604	2715	TRUE	18981.511288	2675	8.882802	619	9.589972	0.000000	90.260803	12.653384	90.260803	12.653384
sample1-0.fast5	7a3f3033-b1aa-4568-9eba-3b58378e5f17	01c601ade41551939fc3d763b24f095a94439087	0	499	2	9514.713147	26.877490	8095	TRUE	9514.845950	8055	26.744688	1293	9.833936	0.000000	96.306313	13.496943	96.306313	13.496943
sample1-0.fast5	817cb73b-9987-4745-bbe8-038dadbd23ef	01c601ade41551939fc3d763b24f095a94439087	0	6	1	49867.092961	49.274900	14841	TRUE	49871.214143	13600	45.153718	2978	11.214146	0.000000	104.741898	13.215756	104.741898	13.215756
sample1-0.fast5	cc939e7a-5a4f-4a29-9c88-38b3c8d2b044	01c601ade41551939fc3d763b24f095a94439087	0	16	2	2617.924303	32.613878	9823	TRUE	2620.138778	9156	30.399402	1888	10.872831	0.000000	98.134026	14.059316	98.134026	14.059316
sample1-0.fast5	ccad3549-643d-46c4-8faf-f30736565f36	01c601ade41551939fc3d763b24f095a94439087	0	428	3	22621.846282	7.997012	2408	TRUE	22624.126826	1721	5.716467	366	10.531141	0.000000	98.134026	13.075164	98.134026	13.075164
sample1-0.fast5	ce843fd3-7f11-43cf-906e-27fc60a0de0b	01c601ade41551939fc3d763b24f095a94439087	0	108	2	108892.411355	13.367198	4026	FALSE	108895.965803	2955	9.812749	787	5.227990	0.000000	110.928001	8.576182	110.928001	8.576182
sample1-0.fast5	aa2ead8f-ccdf-4963-863a-32e2da44063f	01c601ade41551939fc3d763b24f095a94439087	0	49	4	71585.551793	8.156042	2456	TRUE	71585.744356	2398	7.963479	288	8.026844	0.000000	104.038933	16.027620	104.038933	16.027620
sample1-0.fast5	cd3cd772-ec83-4b1a-8915-1cf9799c6415	01c601ade41551939fc3d763b24f095a94439087	0	82	4	19962.897410	47.138446	14198	TRUE	19964.738712	13643	45.297145	2966	12.069187	0.000000	103.195374	14.481095	103.195374	14.481095
sample1-0.fast5	d3d226ae-6b5c-4dc1-9e8f-d6d2fa45790d	01c601ade41551939fc3d763b24f095a94439087	0	449	2	28976.520584	16.500000	4969	FALSE	28979.465139	4082	13.555445	728	5.774796	0.000000	98.696396	10.825673	98.696396	10.825673
sample1-0.fast5	d575d400-dac8-4060-b668-85a060b926b6	01c601ade41551939fc3d763b24f095a94439087	0	100	2	16298.368194	12.565737	3784	TRUE	16298.533201	3735	12.400730	550	7.331534	0.000000	99.680550	12.793977	99.680550	12.793977
sample1-0.fast5	84fa034d-1122-473e-a8c1-48cc996af6ad	01c601ade41551939fc3d763b24f095a94439087	0	357	1	26615.642762	48.022576	14464	TRUE	26617.384794	13939	46.280544	3021	12.362291	0.000000	93.635040	14.902875	93.635040	14.902875
sample1-0.fast5	854b96a3-2d31-4fc0-846f-d9bf792e931d	01c601ade41551939fc3d763b24f095a94439087	0	245	1	52354.705511	45.820053	13801	TRUE	52359.142762	12464	41.382802	1887	10.738384	0.000000	101.508255	13.918722	101.508255	13.918722
sample1-0.fast5	a88979e2-503e-4e33-86e0-1c12d48ead88	01c601ade41551939fc3d763b24f095a94439087	0	251	1	10114.557437	30.905378	9308	TRUE	10116.789509	8636	28.673307	1271	9.813489	0.000000	99.118172	11.247453	99.118172	11.247453
sample1-0.fast5	cf840523-5ca9-426d-a189-085dffa5467c	01c601ade41551939fc3d763b24f095a94439087	0	220	2	974.071381	16.592961	4997	TRUE	975.615870	4532	15.048473	1111	11.132425	0.000000	95.603348	14.340502	95.603348	14.340502
sample1-0.fast5	d6b9aa78-9890-41fd-8a4c-529a81c4a42d	01c601ade41551939fc3d763b24f095a94439087	0	384	1	41839.378818	5.360226	1614	TRUE	41840.970120	1135	3.768924	264	10.169207	0.000000	106.288429	16.871180	106.288429	16.871180
sample1-0.fast5	d7c62108-c1c5-41a4-bd5f-ded52f64c6bc	01c601ade41551939fc3d763b24f095a94439087	0	191	4	17900.719456	11.646414	3507	TRUE	17901.376826	3309	10.989044	800	10.231545	0.000000	91.947922	13.778130	91.947922	13.778130
sample1-0.fast5	d997331c-e4f0-4bfb-9cb6-09d9d2884b51	01c601ade41551939fc3d763b24f095a94439087	0	346	4	48147.315405	14.167331	4267	FALSE	48147.513612	4207	13.969124	394	5.932080	0.000000	90.120216	16.589993	90.120216	16.589993
sample1-0.fast5	e54680fb-02a9-4abf-a159-3c79f3074c77	01c601ade41551939fc3d763b24f095a94439087	0	500	2	25068.349602	39.160691	11795	TRUE	25069.285193	11513	38.225100	2753	10.459187	0.000000	93.072670	14.199909	93.072670	14.199909
sample1-0.fast5	ea6e9e7b-6cfa-4acf-b726-62f48e064545	01c601ade41551939fc3d763b24f095a94439087	0	289	1	67520.397742	9.663015	2910	TRUE	67524.792829	1586	5.267928	305	11.421564	0.000000	105.023087	17.714737	105.023087	17.714737
sample1-0.fast5	eb1d163d-5dc3-4c60-87c4-716a6e042491	01c601ade41551939fc3d763b24f095a94439087	0	402	2	77240.195883	9.663015	2910	TRUE	77243.496680	1916	6.362218	371	9.063449	0.000000	101.930038	16.730585	101.930038	16.730585
sample1-0.fast5	eed4fa1c-3bdd-47e8-9bbf-01d42d1c9e70	01c601ade41551939fc3d763b24f095a94439087	0	312	1	10103.738712	5.951527	1792	TRUE	10104.575365	1540	5.114874	285	8.483222	0.000000	96.446907	13.496943	96.446907	13.496943
sample1-0.fast5	f66c9682-f6d5-49ee-a00a-25f6850baaf8	01c601ade41551939fc3d763b24f095a94439087	0	509	1	12575.769588	17.522244	5277	TRUE	12577.196879	4847	16.094954	522	7.491129	0.000000	92.088516	12.793977	92.088516	12.793977
sample1-0.fast5	c78573f7-e4b8-4f8c-8a73-fbcaa4777b67	01c601ade41551939fc3d763b24f095a94439087	0	45	4	100927.464475	14.170319	4268	TRUE	100928.219456	4040	13.415339	489	11.165020	0.000000	106.991394	16.027620	106.991394	16.027620
sample1-0.fast5	c8366979-9298-44f3-b8cb-9881fc022925	01c601ade41551939fc3d763b24f095a94439087	0	361	4	37638.671315	12.029880	3623	TRUE	37640.271248	3141	10.429947	782	10.727138	0.000000	103.195374	12.512791	103.195374	12.512791
sample1-0.fast5	c90f8742-0a3d-4956-a7ac-e3fb5cbcae05	01c601ade41551939fc3d763b24f095a94439087	0	436	4	665.044157	24.905710	7501	TRUE	665.500332	7364	24.449535	1373	10.250504	0.000000	84.918266	12.934570	84.918266	12.934570
sample1-0.fast5	ca7ef30f-9c9c-42b9-bdc5-1eb71ef9417e	01c601ade41551939fc3d763b24f095a94439087	0	334	3	47208.379814	13.547477	4080	FALSE	47212.195883	2931	9.731408	359	5.988157	0.000000	111.209190	8.013810	111.209190	8.013810
sample1-0.fast5	daaed104-5c72-4120-92ac-28a06e0cf02b	01c601ade41551939fc3d763b24f095a94439087	0	421	2	13140.044157	11.409695	3436	TRUE	13142.168327	2796	9.285525	359	10.319387	0.000000	91.104362	10.263300	91.104362	10.263300
sample1-0.fast5	dac89325-ae5b-4858-b2ea-ba96d7944284	01c601ade41551939fc3d763b24f095a94439087	0	204	2	19723.720120	15.719456	4734	TRUE	19723.932603	4670	15.506972	605	8.486186	0.000000	95.040970	13.496943	95.040970	13.496943
sample1-0.fast5	dba1ca39-50a5-437e-b65b-524a3fa1f17c	01c601ade41551939fc3d763b24f095a94439087	0	429	2	63404.494356	5.948539	1791	TRUE	63405.717131	1423	4.725764	384	8.710443	0.000000	107.413170	12.793977	107.413170	12.793977
sample1-0.fast5	f8014d0a-73e1-4fcc-b856-2ee1b70dadeb	01c601ade41551939fc3d763b24f095a94439087	0	380	3	14982.052789	32.388114	9755	TRUE	14982.617198	9585	31.823705	1743	10.627007	0.000000	97.290466	14.481095	97.290466	14.481095
sample1-0.fast5	d5fb5f17-0a76-47a6-84e5-815cc0e2e1d1	01c601ade41551939fc3d763b24f095a94439087	0	132	1	1448.066733	56.343958	16970	TRUE	1450.370186	16277	54.040505	2897	10.319284	0.000000	94.197418	13.637536	94.197418	13.637536
sample1-0.fast5	ddc6d296-0a61-464f-a52d-761b90b332e7	01c601ade41551939fc3d763b24f095a94439087	0	400	2	13894.463811	9.481740	2855	TRUE	13896.754980	2165	7.190571	472	11.249425	0.000000	103.757751	14.199909	103.757751	14.199909
sample1-0.fast5	e0ff8102-f012-4760-9440-15272b517bd6	01c601ade41551939fc3d763b24f095a94439087	0	37	1	11996.992696	15.441567	4651	TRUE	11997.296481	4559	15.137782	1230	11.616807	0.000000	90.823181	13.075164	90.823181	13.075164
sample1-0.fast5	e4c2071b-ee37-4e06-9b2f-5ae4b7d3cff4	01c601ade41551939fc3d763b24f095a94439087	0	19	1	84300.050797	8.974104	2703	FALSE	84300.050797	2703	8.974104	437	6.928513	0.000000	84.637077	13.496943	84.637077	13.496943
sample1-0.fast5	36ac7012-8f16-44b8-ab7f-44ed0c6eec66	01c601ade41551939fc3d763b24f095a94439087	0	129	2	41946.132470	58.527556	17628	TRUE	41947.361886	17258	57.298141	3220	10.909377	0.000000	103.335968	14.199909	103.335968	14.199909
sample1-0.fast5	396b8d30-eade-4b1e-b4cb-0eafb687f188	01c601ade41551939fc3d763b24f095a94439087	0	404	1	12106.475764	7.453851	2245	TRUE	12108.325033	1688	5.604582	349	7.649899	0.000000	98.836990	10.685080	98.836990	10.685080
sample1-0.fast5	592ed52b-5966-4221-8510-5ff2d2a9239b	01c601ade41551939fc3d763b24f095a94439087	0	337	3	38326.561421	10.345618	3116	TRUE	38329.249004	2306	7.658035	268	7.928101	0.000000	102.351814	13.496943	102.351814	13.496943
sample1-0.fast5	596233f5-4a18-4a54-b71d-b7988b06ba81	01c601ade41551939fc3d763b24f095a94439087	0	493	4	85938.406707	32.554117	9805	TRUE	85938.731076	9707	32.229748	792	9.751697	0.000000	91.807327	13.637536	91.807327	13.637536
sample1-0.fast5	5b6a3787-78a7-4606-bfa0-a7ea78462474	01c601ade41551939fc3d763b24f095a94439087	0	194	1	22067.304781	19.071713	5744	TRUE	22067.521912	5679	18.854582	913	10.550519	0.000000	92.510300	14.902875	92.510300	14.902875
sample1-0.fast5	5ebc08b6-0428-4f3f-a7eb-909f163fac8b	01c601ade41551939fc3d763b24f095a94439087	0	305	2	36658.572377	53.727092	16182	FALSE	36661.156375	15404	51.143094	2982	6.863486	0.000000	102.633003	14.059316	102.633003	14.059316
sample1-0.fast5	625d8d4e-d2ef-41ab-bc91-982932cd2d79	01c601ade41551939fc3d763b24f095a94439087	0	334	2	1781.143426	9.005976	2712	TRUE	1782.726760	2235	7.422643	473	10.550058	0.000000	96.446907	15.043468	96.446907	15.043468
sample1-0.fast5	88926c0d-466b-4bd8-982f-2b9b7b7ff163	01c601ade41551939fc3d763b24f095a94439087	0	496	2	33853.518592	8.598606	2589	TRUE	33855.535857	1982	6.581341	251	11.844206	0.000000	105.726051	16.449400	105.726051	16.449400
sample1-0.fast5	89e1c72c-86f0-45d3-8b5b-ab3dad0b37b5	01c601ade41551939fc3d763b24f095a94439087	0	27	1	5542.414675	27.906707	8405	TRUE	5543.124170	8191	27.197211	1965	13.526719	0.000000	93.916229	14.059316	93.916229	14.059316
sample1-0.fast5	8d7b1553-7b48-4a32-a800-f4ec8e149622	01c601ade41551939fc3d763b24f095a94439087	0	210	4	41110.563413	43.081673	12976	FALSE	41110.696215	12936	42.948871	2371	6.124359	0.000000	101.789444	12.793977	101.789444	12.793977
sample1-0.fast5	8e5ecec1-7813-4d19-93c2-34de3e0a77b5	01c601ade41551939fc3d763b24f095a94439087	0	1	2	32490.671979	12.969788	3906	FALSE	32490.892762	3840	12.749004	383	6.625673	0.000000	91.244957	13.215756	91.244957	13.215756
sample1-0.fast5	96f32a9e-6bea-483c-a980-52f3b479c032	01c601ade41551939fc3d763b24f095a94439087	0	467	1	52341.225764	9.386454	2827	TRUE	52343.996016	1992	6.616202	261	9.406872	0.000000	100.945885	10.825673	100.945885	10.825673
sample1-0.fast5	a1ec8f5e-0d85-4a7a-98c4-981f14f32c02	01c601ade41551939fc3d763b24f095a94439087	0	506	2	11411.576361	21.230412	6394	TRUE	11414.256640	5587	18.550133	989	10.022424	0.000000	89.979622	13.215756	89.979622	13.215756
sample1-0.fast5	a25ed1aa-7506-412e-b95e-e563e1507bd9	01c601ade41551939fc3d763b24f095a94439087	0	229	4	7752.777224	19.642430	5916	TRUE	7752.957835	5861	19.461819	920	9.679982	0.000000	93.353859	12.934570	93.353859	12.934570
sample1-0.fast5	ac2e005b-67f1-4bd1-a631-16683e23857a	01c601ade41551939fc3d763b24f095a94439087	0	423	2	7700.548141	15.314741	4612	TRUE	7702.667995	3974	13.194887	1008	10.582906	0.000000	92.791481	13.637536	92.791481	13.637536
sample1-0.fast5	ac89cab9-a0a4-4a29-8157-9bbe0859c9cf	01c601ade41551939fc3d763b24f095a94439087	0	281	1	7575.178619	13.482404	4060	TRUE	7579.767264	2678	8.893758	311	7.181616	0.000000	86.745979	7.873217	86.745979	7.873217
sample1-0.fast5	adef67d5-f7cd-4e07-8f29-e36ab338344e	01c601ade41551939fc3d763b24f095a94439087	0	2	2	90926.771580	22.468792	6767	TRUE	90927.209163	6635	22.031208	1338	9.720556	0.000000	103.617157	13.778130	103.617157	13.778130
sample1-0.fast5	ae519b6b-60d2-4fba-9d3e-1cd3a37a8058	01c601ade41551939fc3d763b24f095a94439087	0	178	4	42133.601594	19.555445	5890	TRUE	42133.766932	5840	19.390106	974	10.228217	0.000000	100.242920	13.215756	100.242920	13.215756
sample1-0.fast5	b4ea9bca-be46-4636-99f8-88fd0c37ccd2	01c601ade41551939fc3d763b24f095a94439087	0	61	1	25349.279548	10.285525	3098	TRUE	25349.433599	3051	10.131474	425	8.230382	0.000000	88.151909	16.027620	88.151909	16.027620
sample1-0.fast5	b629dcb4-224a-4dfb-af48-ac037da1f2b1	01c601ade41551939fc3d763b24f095a94439087	0	211	2	99966.178287	26.217463	7896	TRUE	99966.311089	7856	26.084661	1281	9.266574	0.000000	101.648849	16.308805	101.648849	16.308805
sample1-0.fast5	bdca9211-bd52-4927-b2a8-c8c31ad7b5c7	01c601ade41551939fc3d763b24f095a94439087	0	97	2	14748.673639	8.000332	2409	TRUE	14748.899734	2341	7.774236	383	8.241145	0.000000	89.979622	12.231605	89.979622	12.231605
sample1-0.fast5	c200408b-936a-49d5-9d2b-27f97143c390	01c601ade41551939fc3d763b24f095a94439087	0	27	3	9233.647410	8.381474	2524	FALSE	9233.647410	2524	8.381474	262	6.834351	0.000000	91.104362	16.168213	91.104362	16.168213
sample1-0.fast5	c2ea2736-7693-496f-802d-b0095ebbdb87	01c601ade41551939fc3d763b24f095a94439087	0	483	2	80610.687915	52.683267	15868	TRUE	80614.472444	14728	48.898738	3074	10.649961	0.000000	99.399361	13.637536	99.399361	13.637536
sample1-0.fast5	c4567027-8fa7-4711-823c-a34c26fbe0eb	01c601ade41551939fc3d763b24f095a94439087	0	503	1	34983.294489	6.301129	1897	TRUE	34985.483732	1238	4.111886	290	12.843467	0.000000	97.993431	14.902875	97.993431	14.902875
sample1-0.fast5	c4b79559-278c-41ed-8f39-af3d04316311	01c601ade41551939fc3d763b24f095a94439087	0	353	2	88163.833665	5.556109	1673	TRUE	88164.772576	1390	4.617198	123	9.721534	0.000000	100.102325	9.982114	100.102325	9.982114
sample1-0.fast5	cdf77380-958c-4333-b355-e9b9f78a320d	01c601ade41551939fc3d763b24f095a94439087	0	242	2	41491.828353	42.477756	12794	TRUE	41491.983400	12747	42.322709	2492	10.858688	0.000000	102.351814	13.637536	102.351814	13.637536
sample1-0.fast5	ce44606c-caf1-41f2-af2c-21bb8db25674	01c601ade41551939fc3d763b24f095a94439087	0	492	1	62418.725764	4.695219	1414	TRUE	62418.934595	1351	4.486388	260	10.559957	0.000000	99.821144	14.340502	99.821144	14.340502
sample1-0.fast5	e58cc8b1-f1a0-4a61-be58-17b1a0a6b5fc	01c601ade41551939fc3d763b24f095a94439087	0	261	2	4021.272908	15.436587	4649	TRUE	4022.971116	4138	13.738380	996	10.672319	0.000000	94.056824	13.075164	94.056824	13.075164
sample1-0.fast5	e7afa0a8-6a79-4bc2-b0e8-c546f58dedff	01c601ade41551939fc3d763b24f095a94439087	0	367	4	38436.731740	22.421315	6753	TRUE	38440.843958	5514	18.309097	1230	10.791531	0.000000	102.492409	13.637536	102.492409	13.637536
sample1-0.fast5	e8c84f76-dfef-4fb4-8264-88e5cd1778ef	01c601ade41551939fc3d763b24f095a94439087	0	174	2	13203.826029	41.815405	12594	TRUE	13205.782869	12005	39.858566	2915	7.582379	0.000000	103.054787	12.372198	103.054787	12.372198
sample1-0.fast5	efea953d-2f63-4c07-a56a-8b652f085f6a	01c601ade41551939fc3d763b24f095a94439087	0	334	4	25105.416003	11.164343	3362	FALSE	25108.224104	2516	8.356242	249	6.743825	0.000000	97.571648	11.528639	97.571648	11.528639
sample1-0.fast5	f0b8ff2c-51b6-4919-aec1-bfa0e8091012	01c601ade41551939fc3d763b24f095a94439087	0	43	4	14484.833333	13.797477	4155	TRUE	14489.656707	2703	8.974104	291	7.370814	0.000000	106.710205	8.435590	106.710205	8.435590
sample1-0.fast5	f2fc8a40-51fd-4533-94f3-701ac416c4b6	01c601ade41551939fc3d763b24f095a94439087	0	60	1	92577.650398	6.866202	2068	TRUE	92577.829681	2014	6.686919	195	8.448683	0.000000	91.526146	14.340502	91.526146	14.340502
